6 0.56953125 0.5034722222222222 0.5733072916666667 0.5027777777777778 0.576171875 0.49953703703703706 0.5829427083333333 0.49907407407407406 0.5881510416666667 0.48935185185185187 0.5930989583333334 0.4935185185185185 0.606640625 0.48842592592592593 0.6078125 0.4858796296296296 0.6091145833333333 0.4752314814814815 0.6088541666666667 0.46319444444444446 0.6079427083333333 0.45694444444444443 0.6040364583333333 0.4583333333333333 0.6015625 0.45393518518518516 0.6044270833333333 0.44699074074074074 0.6041666666666666 0.4423611111111111 0.5962239583333333 0.44351851851851853 0.5845052083333333 0.4356481481481482 0.5826822916666666 0.43657407407407406 0.5815104166666667 0.4386574074074074 0.5825520833333333 0.4465277777777778 0.5799479166666667 0.45625 0.5794270833333334 0.46273148148148147 0.5802083333333333 0.4668981481481482 0.5833333333333334 0.4710648148148148 0.5856770833333333 0.48171296296296295 0.580078125 0.48518518518518516 0.5766927083333333 0.49074074074074076 0.5709635416666666 0.4949074074074074 0.56796875 0.5020833333333333
10 0.5138020833333333 0.6335648148148149 0.521484375 0.625 0.5415364583333333 0.6097222222222223 0.5451822916666667 0.6083333333333333 0.549609375 0.6189814814814815 0.5529947916666667 0.6217592592592592 0.5602864583333333 0.6199074074074075 0.56640625 0.6118055555555556 0.5682291666666667 0.607175925925926 0.5682291666666667 0.5988425925925925 0.5640625 0.5858796296296296 0.5700520833333333 0.5719907407407407 0.5690104166666666 0.5682870370370371 0.56640625 0.5650462962962963 0.5692708333333333 0.5571759259259259 0.56796875 0.5511574074074074 0.5635416666666667 0.5460648148148148 0.5608072916666667 0.5375 0.548828125 0.5393518518518519 0.5373697916666667 0.5458333333333333 0.5265625 0.5581018518518519 0.5268229166666667 0.5645833333333333 0.5295572916666667 0.5694444444444444 0.5334635416666667 0.5703703703703704 0.5334635416666667 0.5722222222222222 0.5100260416666667 0.5842592592592593 0.5061197916666667 0.5842592592592593 0.5010416666666667 0.5909722222222222 0.4981770833333333 0.5997685185185185 0.4984375 0.6034722222222222 0.5045572916666666 0.6078703703703704 0.5078125 0.6136574074074074 0.501953125 0.625462962962963 0.49895833333333334 0.6280092592592592
8 0.521875 0.7460648148148148 0.5286458333333334 0.7391203703703704 0.5276041666666667 0.7354166666666667 0.5247395833333334 0.732175925925926 0.5231770833333333 0.7252314814814815 0.5244791666666667 0.7159722222222222 0.5216145833333333 0.6960648148148149 0.5186197916666667 0.6925925925925925 0.5139322916666667 0.6824074074074075 0.5084635416666666 0.6833333333333333 0.5016927083333333 0.6810185185185185 0.4993489583333333 0.6828703703703703 0.4973958333333333 0.6877314814814814 0.49609375 0.6969907407407407 0.4973958333333333 0.7020833333333333 0.49947916666666664 0.7043981481481482 0.4979166666666667 0.718287037037037 0.5022135416666667 0.725 0.505859375 0.7226851851851852 0.5100260416666667 0.7226851851851852 0.512109375 0.725 0.5080729166666667 0.7326388888888888 0.5080729166666667 0.7391203703703704 0.5141927083333333 0.7444444444444445
8 0.4630208333333333 0.7293981481481482 0.46380208333333334 0.7266203703703704 0.4630208333333333 0.7178240740740741 0.4647135416666667 0.7148148148148148 0.470703125 0.7129629629629629 0.47434895833333335 0.7203703703703703 0.47877604166666665 0.7226851851851852 0.486328125 0.7189814814814814 0.49140625 0.7122685185185185 0.49244791666666665 0.705324074074074 0.49192708333333335 0.6974537037037037 0.495703125 0.6935185185185185 0.496875 0.6900462962962963 0.4940104166666667 0.6863425925925926 0.49270833333333336 0.6793981481481481 0.4901041666666667 0.6761574074074074 0.490625 0.669675925925926 0.49388020833333335 0.6643518518518519 0.4967447916666667 0.6652777777777777 0.49830729166666665 0.6685185185185185 0.5055989583333333 0.6680555555555555 0.5065104166666666 0.6627314814814815 0.502734375 0.6532407407407408 0.49309895833333334 0.6523148148148148 0.49049479166666665 0.6537037037037037 0.48684895833333336 0.6648148148148149 0.48190104166666664 0.6662037037037037 0.47877604166666665 0.6722222222222223 0.47486979166666665 0.6675925925925926 0.4705729166666667 0.66875 0.46770833333333334 0.6766203703703704 0.46770833333333334 0.6863425925925926 0.4630208333333333 0.6905092592592592 0.462890625 0.6995370370370371 0.4622395833333333 0.6928240740740741 0.4588541666666667 0.6918981481481481 0.45807291666666666 0.705324074074074 0.45859375 0.7210648148148148 0.4588541666666667 0.7233796296296297
8 0.4317708333333333 0.6701388888888888 0.44361979166666665 0.6569444444444444 0.451171875 0.6430555555555556 0.4563802083333333 0.65 0.459765625 0.6583333333333333 0.462890625 0.6592592592592592 0.46575520833333334 0.6513888888888889 0.47018229166666664 0.6537037037037037 0.47513020833333336 0.6523148148148148 0.4798177083333333 0.6597222222222222 0.48268229166666665 0.6611111111111111 0.484375 0.656712962962963 0.48489583333333336 0.6493055555555556 0.4830729166666667 0.6418981481481482 0.4828125 0.6344907407407407 0.479296875 0.6240740740740741 0.47096354166666665 0.6166666666666667 0.4610677083333333 0.6166666666666667 0.45559895833333336 0.6129629629629629 0.451171875 0.6152777777777778 0.44895833333333335 0.6206018518518519 0.45 0.6344907407407407 0.447265625 0.6365740740740741 0.443359375 0.6430555555555556 0.431640625 0.6523148148148148 0.42734375 0.6673611111111111 0.42552083333333335 0.669675925925926
6 0.61640625 0.6002314814814815 0.6252604166666667 0.5928240740740741 0.6278645833333333 0.5789351851851852 0.6248697916666667 0.5717592592592593 0.6192708333333333 0.5650462962962963 0.6203125 0.5511574074074074 0.612109375 0.5481481481481482 0.6071614583333333 0.5486111111111112 0.6040364583333333 0.55 0.603125 0.5520833333333334 0.5994791666666667 0.569675925925926 0.5977864583333333 0.5856481481481481 0.5881510416666667 0.5856481481481481 0.5858072916666667 0.5875 0.584375 0.5918981481481481 0.5884114583333333 0.600462962962963 0.5951822916666667 0.5944444444444444 0.6045572916666667 0.5944444444444444 0.6118489583333333 0.5995370370370371
6 0.5963541666666666 0.5520833333333334 0.6001302083333333 0.5444444444444444 0.6087239583333334 0.5472222222222223 0.613671875 0.5439814814814815 0.619921875 0.5439814814814815 0.6283854166666667 0.5321759259259259 0.6307291666666667 0.5159722222222223 0.628515625 0.5125 0.6213541666666667 0.5090277777777777 0.6213541666666667 0.5016203703703703 0.6236979166666666 0.49699074074074073 0.6235677083333333 0.49444444444444446 0.6170572916666667 0.49444444444444446 0.612109375 0.48935185185185187 0.6075520833333333 0.49050925925925926 0.6057291666666667 0.4983796296296296 0.6052083333333333 0.5094907407407407 0.60234375 0.5164351851851852 0.6015625 0.5326388888888889 0.6001302083333333 0.5351851851851852 0.5923177083333333 0.537962962962963 0.5903645833333333 0.5432870370370371 0.5923177083333333 0.55
6 0.6552083333333333 0.54375 0.6579427083333333 0.5393518518518519 0.6626302083333333 0.5375 0.6651041666666667 0.5280092592592592 0.66875 0.5224537037037037 0.6709635416666667 0.5162037037037037 0.6751302083333334 0.5148148148148148 0.6829427083333334 0.5171296296296296 0.684765625 0.5157407407407407 0.6880208333333333 0.5094907407407407 0.6885416666666667 0.5020833333333333 0.686328125 0.4986111111111111 0.6842447916666666 0.4986111111111111 0.6795572916666667 0.49953703703703706 0.674609375 0.5037037037037037 0.664453125 0.49953703703703706 0.658984375 0.49212962962962964 0.6470052083333333 0.487962962962963 0.640625 0.5085648148148149 0.6416666666666667 0.518287037037037 0.6458333333333334 0.5349537037037037 0.6514322916666667 0.5430555555555555
6 0.6395833333333333 0.5844907407407407 0.6451822916666666 0.5791666666666667 0.647265625 0.5745370370370371 0.655078125 0.5782407407407407 0.6584635416666667 0.575 0.6596354166666667 0.5706018518518519 0.6591145833333333 0.5650462962962963 0.65234375 0.5571759259259259 0.6502604166666667 0.544212962962963 0.6451822916666666 0.538425925925926 0.64140625 0.5289351851851852 0.639453125 0.5273148148148148 0.62890625 0.544212962962963 0.62421875 0.5567129629629629 0.6203125 0.5608796296296297 0.6197916666666666 0.5645833333333333 0.622265625 0.5662037037037037 0.627734375 0.5782407407407407 0.6345052083333333 0.5796296296296296
6 0.6950520833333333 0.6266203703703703 0.6989583333333333 0.6215277777777778 0.6986979166666667 0.6085648148148148 0.7015625 0.5997685185185185 0.70078125 0.5928240740740741 0.6962239583333333 0.5773148148148148 0.694140625 0.5763888888888888 0.6897135416666667 0.5787037037037037 0.686328125 0.5731481481481482 0.6782552083333333 0.5791666666666667 0.6678385416666667 0.5916666666666667 0.6625 0.5928240740740741 0.6638020833333333 0.606712962962963 0.666796875 0.6152777777777778 0.6709635416666667 0.6148148148148148 0.6782552083333333 0.625 0.6829427083333334 0.6236111111111111
11 0.8010416666666667 0.1840277777777778 0.807421875 0.18194444444444444 0.815234375 0.17222222222222222 0.8243489583333333 0.1712962962962963 0.8298177083333333 0.1675925925925926 0.8348958333333333 0.16041666666666668 0.8361979166666667 0.15393518518518517 0.8395833333333333 0.14791666666666667 0.8411458333333334 0.13495370370370371 0.8416666666666667 0.11782407407407407 0.83984375 0.10810185185185185 0.8377604166666667 0.10393518518518519 0.8375 0.09791666666666667 0.840625 0.09050925925925926 0.8502604166666666 0.05393518518518518 0.8546875 0.04189814814814815 0.8591145833333333 0.0349537037037037 0.858984375 0.02546296296296296 0.851171875 0.02361111111111111 0.839453125 0.025 0.8235677083333334 0.02361111111111111 0.8203125 0.021064814814814814 0.8194010416666667 0.013425925925925926 0.8157552083333334 0.011111111111111112 0.8145833333333333 0.007175925925925926 0.8118489583333334 0.003703703703703704 0.787109375 0 0.7854166666666667 0.007175925925925926 0.7856770833333333 0.014583333333333334 0.78125 0.0349537037037037 0.7783854166666667 0.041435185185185186 0.7776041666666667 0.049305555555555554 0.7748697916666667 0.05416666666666667 0.7686197916666667 0.0587962962962963 0.766015625 0.05185185185185185 0.7615885416666667 0.052314814814814814 0.7569010416666667 0.06851851851851852 0.7529947916666667 0.06574074074074074 0.7451822916666667 0.06805555555555555 0.740625 0.07430555555555556 0.7364583333333333 0.08541666666666667 0.7338541666666667 0.10439814814814814 0.7359375 0.11828703703703704 0.73828125 0.1284722222222222 0.745703125 0.1449074074074074 0.7529947916666667 0.15416666666666667 0.7579427083333333 0.1574074074074074 0.759765625 0.16111111111111112 0.7649739583333334 0.16574074074074074 0.7790364583333333 0.17453703703703705 0.7876302083333333 0.17731481481481481 0.7920572916666667 0.1814814814814815