11 0.6833333333333333 0.1752314814814815 0.6920572916666666 0.17037037037037037 0.6932291666666667 0.16782407407407407 0.693359375 0.16018518518518518 0.705859375 0.16111111111111112 0.7100260416666667 0.1574074074074074 0.7135416666666666 0.1525462962962963 0.7216145833333333 0.13541666666666666 0.7234375 0.1261574074074074 0.7234375 0.11828703703703704 0.72578125 0.1136574074074074 0.72578125 0.10949074074074074 0.721875 0.09421296296296296 0.7178385416666667 0.08796296296296297 0.7138020833333333 0.08773148148148148 0.7138020833333333 0.07662037037037037 0.7208333333333333 0.04189814814814815 0.7244791666666667 0.030324074074074073 0.7286458333333333 0.021527777777777778 0.7296875 0.013194444444444444 0.7317708333333334 0.007175925925925926 0.7313802083333333 0 0.6555989583333334 0 0.655078125 0.004629629629629629 0.6540364583333333 0 0.646484375 0 0.6393229166666666 0.06226851851851852 0.6359375 0.06412037037037037 0.635546875 0.07037037037037037 0.6342447916666667 0.06388888888888888 0.631640625 0.06342592592592593 0.6279947916666667 0.06574074074074074 0.62265625 0.07662037037037037 0.6216145833333333 0.08263888888888889 0.62265625 0.10578703703703704 0.6213541666666667 0.11180555555555556 0.6229166666666667 0.11412037037037037 0.6231770833333333 0.11921296296296297 0.6252604166666667 0.1224537037037037 0.6268229166666667 0.13310185185185186 0.631640625 0.1412037037037037 0.639453125 0.1476851851851852 0.6423177083333333 0.1537037037037037 0.6514322916666667 0.16111111111111112 0.664453125 0.16620370370370371 0.6696614583333333 0.17175925925925925 0.6764322916666666 0.175
6 0.6083333333333333 0.12013888888888889 0.6154947916666667 0.11712962962962963 0.6177083333333333 0.1136574074074074 0.61953125 0.10486111111111111 0.62109375 0.10208333333333333 0.6216145833333333 0.09606481481481481 0.6196614583333333 0.08842592592592592 0.6154947916666667 0.09027777777777778 0.6127604166666667 0.08402777777777778 0.6119791666666666 0.07708333333333334 0.6079427083333333 0.07175925925925926 0.6052083333333333 0.08356481481481481 0.5944010416666666 0.09444444444444444 0.5932291666666667 0.09837962962962964 0.59609375 0.11041666666666666 0.5990885416666667 0.11527777777777778 0.6032552083333333 0.11898148148148148
6 0.5916666666666667 0.21828703703703703 0.6014322916666667 0.20787037037037037 0.603125 0.20439814814814813 0.6028645833333334 0.18726851851851853 0.6083333333333333 0.1752314814814815 0.6079427083333333 0.1625 0.60390625 0.16597222222222222 0.6002604166666666 0.17476851851851852 0.5997395833333333 0.18125 0.5962239583333333 0.18611111111111112 0.59375 0.18217592592592594 0.5923177083333333 0.16898148148148148 0.5876302083333333 0.17962962962962964 0.5845052083333333 0.1824074074074074 0.5759114583333333 0.18287037037037038 0.5739583333333333 0.1849537037037037 0.575 0.2011574074074074 0.5763020833333333 0.20625 0.5811197916666667 0.20972222222222223 0.584765625 0.21666666666666667
6 0.5463541666666667 0.16875 0.5553385416666666 0.1625 0.5572916666666666 0.15393518518518517 0.5610677083333333 0.14953703703703702 0.5625 0.1451388888888889 0.5610677083333333 0.1361111111111111 0.5569010416666667 0.13657407407407407 0.5529947916666667 0.13935185185185187 0.5466145833333333 0.12337962962962963 0.544140625 0.12129629629629629 0.5415364583333333 0.12268518518518519 0.53984375 0.1261574074074074 0.53828125 0.13217592592592592 0.5380208333333333 0.13958333333333334 0.5330729166666667 0.14699074074074073 0.5315104166666667 0.15347222222222223 0.537109375 0.1648148148148148
6 0.5533854166666666 0.12476851851851851 0.55546875 0.12199074074074075 0.5604166666666667 0.10856481481481481 0.5609375 0.10069444444444445 0.5584635416666667 0.09444444444444444 0.5498697916666667 0.0912037037037037 0.54765625 0.08356481481481481 0.5454427083333333 0.08055555555555556 0.5432291666666667 0.09375 0.5334635416666667 0.10277777777777777 0.5325520833333334 0.10625 0.5358072916666666 0.11898148148148148 0.5412760416666667 0.12175925925925926 0.5451822916666667 0.12083333333333333 0.5485677083333333 0.12407407407407407
6 0.5299479166666666 0.1553240740740741 0.5333333333333333 0.14606481481481481 0.5372395833333333 0.13958333333333334 0.5390625 0.12569444444444444 0.531640625 0.11712962962962963 0.5295572916666667 0.11203703703703703 0.5256510416666667 0.11064814814814815 0.5255208333333333 0.11875 0.5200520833333333 0.12662037037037038 0.5182291666666666 0.13495370370370371 0.515625 0.14097222222222222 0.5182291666666666 0.14930555555555555 0.520703125 0.15324074074074073
6 0.5497395833333333 0.05810185185185185 0.5572916666666666 0.049305555555555554 0.5588541666666667 0.04189814814814815 0.5627604166666667 0.0349537037037037 0.5627604166666667 0.027083333333333334 0.5610677083333333 0.022222222222222223 0.5569010416666667 0.025925925925925925 0.5529947916666667 0.02638888888888889 0.548828125 0.016666666666666666 0.5451822916666667 0.012962962962962963 0.5440104166666667 0.021527777777777778 0.538671875 0.02638888888888889 0.5341145833333333 0.0349537037037037 0.534375 0.04189814814814815 0.53671875 0.053009259259259256 0.5391927083333333 0.05694444444444444 0.541015625 0.058333333333333334
10 0.4908854166666667 0.21458333333333332 0.49453125 0.20902777777777778 0.4947916666666667 0.18912037037037038 0.498046875 0.18425925925925926 0.5016927083333333 0.18796296296296297 0.5055989583333333 0.1875 0.51015625 0.16875 0.5106770833333333 0.1613425925925926 0.5063802083333333 0.15555555555555556 0.5020833333333333 0.15486111111111112 0.5026041666666666 0.13958333333333334 0.496875 0.13125 0.49583333333333335 0.11967592592592592 0.49440104166666665 0.1175925925925926 0.48971354166666664 0.1287037037037037 0.48528645833333334 0.13240740740740742 0.4825520833333333 0.1372685185185185 0.48125 0.14282407407407408 0.47734375 0.14699074074074073 0.4744791666666667 0.16041666666666668 0.4752604166666667 0.18171296296296297 0.46979166666666666 0.20208333333333334 0.470703125 0.20601851851851852 0.475390625 0.20555555555555555 0.48138020833333334 0.21388888888888888
8 0.49453125 0.28449074074074077 0.49895833333333334 0.27708333333333335 0.5 0.2710648148148148 0.4984375 0.2511574074074074 0.49166666666666664 0.24050925925925926 0.49114583333333334 0.22847222222222222 0.490234375 0.22685185185185186 0.487109375 0.2273148148148148 0.483203125 0.23287037037037037 0.476953125 0.2351851851851852 0.474609375 0.24351851851851852 0.47239583333333335 0.2377314814814815 0.4734375 0.2298611111111111 0.4720052083333333 0.2212962962962963 0.47044270833333335 0.2199074074074074 0.467578125 0.22592592592592592 0.462890625 0.22685185185185186 0.4627604166666667 0.2335648148148148 0.46536458333333336 0.24328703703703702 0.4686197916666667 0.24537037037037038 0.474609375 0.24444444444444444 0.4778645833333333 0.2511574074074074 0.47890625 0.2590277777777778 0.4856770833333333 0.2743055555555556 0.490234375 0.2824074074074074
8 0.521875 0.3136574074074074 0.5278645833333333 0.3025462962962963 0.5296875 0.293287037037037 0.5233072916666667 0.2865740740740741 0.519140625 0.2777777777777778 0.5157552083333333 0.2777777777777778 0.5134114583333333 0.2800925925925926 0.5122395833333333 0.269212962962963 0.5102864583333333 0.2652777777777778 0.5076822916666667 0.2657407407407407 0.5065104166666666 0.26782407407407405 0.5063802083333333 0.2791666666666667 0.502734375 0.2814814814814815 0.498046875 0.2814814814814815 0.49375 0.2923611111111111 0.49322916666666666 0.30069444444444443 0.49440104166666665 0.30648148148148147 0.49856770833333336 0.3050925925925926 0.5087239583333333 0.30833333333333335 0.5139322916666667 0.30694444444444446
8 0.47942708333333334 0.32708333333333334 0.482421875 0.3263888888888889 0.48776041666666664 0.31875 0.4890625 0.31319444444444444 0.4890625 0.29976851851851855 0.48658854166666665 0.287962962962963 0.478515625 0.2935185185185185 0.47734375 0.28402777777777777 0.47434895833333335 0.2810185185185185 0.47109375 0.2849537037037037 0.47239583333333335 0.29282407407407407 0.47213541666666664 0.29976851851851855 0.4661458333333333 0.30810185185185185 0.46796875 0.3136574074074074 0.475390625 0.32546296296296295