11 0.50703125 0.6844907407407408 0.5240885416666666 0.6768518518518518 0.5311197916666667 0.6689814814814815 0.5328125 0.6655092592592593 0.5330729166666667 0.6590277777777778 0.52734375 0.6488425925925926 0.5295572916666667 0.6462962962962963 0.5319010416666666 0.6467592592592593 0.5346354166666667 0.6576388888888889 0.5375 0.6599537037037037 0.5388020833333333 0.6553240740740741 0.53828125 0.6493055555555556 0.537109375 0.6458333333333334 0.5334635416666667 0.6453703703703704 0.5328125 0.6418981481481482 0.541015625 0.6361111111111111 0.544140625 0.637962962962963 0.5463541666666667 0.6363425925925926 0.546875 0.6340277777777777 0.5451822916666667 0.6273148148148148 0.5412760416666667 0.6328703703703704 0.5403645833333334 0.6293981481481481 0.544921875 0.6162037037037037 0.549609375 0.6189814814814815 0.5532552083333333 0.6189814814814815 0.55703125 0.6164351851851851 0.5609375 0.6048611111111111 0.5611979166666666 0.580787037037037 0.5552083333333333 0.5766203703703704 0.5544270833333333 0.5706018518518519 0.5575520833333333 0.5664351851851852 0.5575520833333333 0.5631944444444444 0.55 0.5539351851851851 0.54296875 0.5372685185185185 0.54375 0.5298611111111111 0.5373697916666667 0.5231481481481481 0.5361979166666667 0.5173611111111112 0.5372395833333333 0.5043981481481481 0.5412760416666667 0.5148148148148148 0.5453125 0.5025462962962963 0.5463541666666667 0.4951388888888889 0.5453125 0.48125 0.5411458333333333 0.48356481481481484 0.5411458333333333 0.480787037037037 0.54296875 0.47939814814814813 0.5416666666666666 0.45902777777777776 0.5434895833333333 0.4465277777777778 0.5419270833333333 0.4395833333333333 0.5302083333333333 0.41226851851851853 0.5225260416666667 0.3990740740740741 0.514453125 0.38842592592592595 0.5024739583333333 0.3763888888888889 0.498046875 0.3680555555555556 0.481640625 0.36157407407407405 0.475390625 0.36203703703703705 0.469921875 0.36666666666666664 0.46171875 0.38263888888888886 0.46067708333333335 0.38680555555555557 0.4591145833333333 0.4025462962962963 0.45859375 0.42430555555555555 0.46067708333333335 0.4460648148148148 0.45989583333333334 0.4534722222222222 0.45 0.4738425925925926 0.441796875 0.49537037037037035 0.43919270833333335 0.49675925925925923 0.43854166666666666 0.4951388888888889 0.43802083333333336 0.48310185185185184 0.4361979166666667 0.47800925925925924 0.4356770833333333 0.4724537037037037 0.4290364583333333 0.4708333333333333 0.42356770833333335 0.4708333333333333 0.42109375 0.47337962962962965 0.41875 0.48217592592592595 0.41875 0.4951388888888889 0.4203125 0.49930555555555556 0.42265625 0.5159722222222223 0.42734375 0.5594907407407408 0.43046875 0.607175925925926 0.43307291666666664 0.6233796296296297 0.43854166666666666 0.6395833333333333 0.443359375 0.6462962962962963 0.451171875 0.6518518518518519 0.45416666666666666 0.65625 0.45611979166666666 0.6625 0.4602864583333333 0.6662037037037037 0.466796875 0.6768518518518518 0.4803385416666667 0.6810185185185185 0.49049479166666665 0.6787037037037037 0.4993489583333333 0.6847222222222222
2 0.5611979166666666 0.5590277777777778 0.5640625 0.5576388888888889 0.565234375 0.5402777777777777 0.572265625 0.5398148148148149 0.5739583333333333 0.5368055555555555 0.57421875 0.5243055555555556 0.5690104166666666 0.5168981481481482 0.56875 0.5020833333333333 0.5661458333333333 0.49421296296296297 0.5686197916666667 0.47962962962962963 0.5708333333333333 0.48819444444444443 0.5720052083333333 0.48935185185185187 0.5772135416666667 0.49166666666666664 0.5796875 0.48912037037037037 0.5830729166666667 0.4738425925925926 0.5811197916666667 0.4675925925925926 0.577734375 0.4648148148148148 0.5725260416666667 0.4652777777777778 0.5688802083333333 0.47314814814814815 0.5606770833333333 0.4738425925925926 0.5622395833333333 0.480787037037037 0.5606770833333333 0.4928240740740741 0.5567708333333333 0.49745370370370373 0.5552083333333333 0.50625 0.5520833333333334 0.5094907407407407 0.5505208333333333 0.517824074074074 0.5473958333333333 0.5229166666666667 0.5485677083333333 0.5277777777777778 0.5526041666666667 0.5298611111111111 0.5520833333333334 0.5363425925925925 0.5494791666666666 0.5395833333333333 0.5489583333333333 0.5428240740740741 0.5513020833333333 0.5534722222222223 0.5529947916666667 0.5560185185185185 0.5569010416666667 0.5560185185185185
2 0.5653645833333333 0.3386574074074074 0.571484375 0.32731481481481484 0.5766927083333333 0.32731481481481484 0.5805989583333333 0.32083333333333336 0.5884114583333333 0.31666666666666665 0.58984375 0.3136574074074074 0.5895833333333333 0.3053240740740741 0.584765625 0.3 0.580078125 0.3 0.5779947916666667 0.29814814814814816 0.57578125 0.29282407407407407 0.57421875 0.2793981481481482 0.569140625 0.27361111111111114 0.5645833333333333 0.27523148148148147 0.5606770833333333 0.2923611111111111 0.56015625 0.3071759259259259 0.5567708333333333 0.3141203703703704 0.5541666666666667 0.32430555555555557 0.5541666666666667 0.3284722222222222 0.5569010416666667 0.33564814814814814 0.561328125 0.3384259259259259
8 0.6002604166666666 0.30995370370370373 0.60234375 0.30625 0.6036458333333333 0.2965277777777778 0.614453125 0.2875 0.6158854166666666 0.2789351851851852 0.6111979166666667 0.27152777777777776 0.609375 0.2659722222222222 0.6083333333333333 0.2534722222222222 0.6006510416666667 0.24953703703703703 0.5981770833333333 0.2465277777777778 0.5981770833333333 0.23680555555555555 0.5959635416666667 0.23055555555555557 0.5923177083333333 0.22824074074074074 0.587890625 0.23194444444444445 0.5845052083333333 0.22824074074074074 0.5833333333333334 0.23587962962962963 0.584375 0.24837962962962962 0.5932291666666667 0.25763888888888886 0.59296875 0.2641203703703704 0.5903645833333333 0.27152777777777776 0.59140625 0.293287037037037 0.5958333333333333 0.30949074074074073
8 0.6473958333333333 0.20162037037037037 0.6528645833333333 0.1951388888888889 0.6541666666666667 0.18726851851851853 0.6583333333333333 0.1798611111111111 0.6578125 0.17152777777777778 0.6528645833333333 0.16087962962962962 0.6546875 0.14652777777777778 0.651171875 0.14351851851851852 0.643359375 0.14675925925925926 0.6415364583333333 0.14583333333333334 0.6403645833333333 0.14375 0.6390625 0.1326388888888889 0.6358072916666667 0.12962962962962962 0.6313802083333333 0.13425925925925927 0.626953125 0.13194444444444445 0.6260416666666667 0.14050925925925925 0.62734375 0.14884259259259258 0.6313802083333333 0.1537037037037037 0.6352864583333333 0.15416666666666667 0.6372395833333333 0.15625 0.6380208333333334 0.16041666666666668 0.63671875 0.16782407407407407 0.64140625 0.19560185185185186 0.643359375 0.20092592592592592
8 0.6791666666666667 0.15578703703703703 0.6826822916666667 0.15324074074074073 0.6865885416666667 0.14629629629629629 0.694140625 0.14305555555555555 0.6953125 0.13958333333333334 0.6953125 0.13310185185185186 0.6890625 0.11875 0.690625 0.11180555555555556 0.690625 0.10393518518518519 0.6826822916666667 0.10046296296296296 0.6817708333333333 0.09097222222222222 0.678515625 0.08425925925925926 0.6748697916666667 0.08657407407407407 0.6696614583333333 0.08425925925925926 0.6677083333333333 0.08726851851851852 0.6671875 0.09837962962962964 0.6684895833333333 0.10393518518518519 0.6744791666666666 0.11180555555555556 0.6729166666666667 0.12430555555555556 0.6739583333333333 0.13773148148148148 0.6763020833333333 0.15300925925925926
6 0.7419270833333333 0.07337962962962963 0.7514322916666667 0.06712962962962964 0.75546875 0.056712962962962965 0.7546875 0.04189814814814815 0.7529947916666667 0.03888888888888889 0.7486979166666666 0.03726851851851852 0.7493489583333334 0.027314814814814816 0.7446614583333333 0.02638888888888889 0.7365885416666667 0.034722222222222224 0.733984375 0.03611111111111111 0.7295572916666667 0.034722222222222224 0.7278645833333334 0.03819444444444445 0.7296875 0.05717592592592593 0.7368489583333333 0.0712962962962963
4 0.5151041666666667 0.38078703703703703 0.5184895833333333 0.3770833333333333 0.5200520833333333 0.3696759259259259 0.5200520833333333 0.36226851851851855 0.5177083333333333 0.34652777777777777 0.5122395833333333 0.3400462962962963 0.5111979166666667 0.3275462962962963 0.5139322916666667 0.31851851851851853 0.51796875 0.31689814814814815 0.5178385416666667 0.29768518518518516 0.5147135416666667 0.30462962962962964 0.5100260416666667 0.3023148148148148 0.5061197916666667 0.30324074074074076 0.5024739583333333 0.30648148148148147 0.500390625 0.31157407407407406 0.49049479166666665 0.3189814814814815 0.48723958333333334 0.32708333333333334 0.48802083333333335 0.3386574074074074 0.48385416666666664 0.35532407407407407 0.48463541666666665 0.3599537037037037 0.48684895833333336 0.362962962962963 0.49440104166666665 0.36574074074074076 0.5022135416666667 0.375
0 0.42421875 0.3891203703703704 0.4265625 0.3849537037037037 0.4265625 0.3770833333333333 0.42942708333333335 0.36319444444444443 0.43359375 0.3539351851851852 0.43463541666666666 0.3488425925925926 0.4298177083333333 0.34444444444444444 0.42356770833333335 0.3449074074074074 0.42239583333333336 0.33912037037037035 0.42018229166666665 0.3351851851851852 0.4180989583333333 0.3351851851851852 0.4139322916666667 0.34074074074074073 0.40794270833333335 0.34444444444444444 0.40703125 0.3474537037037037 0.40859375 0.3696759259259259 0.411328125 0.3763888888888889 0.4139322916666667 0.37824074074074077 0.41966145833333335 0.3875
0 0.39947916666666666 0.46087962962962964 0.40143229166666666 0.45694444444444443 0.40546875 0.4534722222222222 0.4046875 0.444212962962963 0.4049479166666667 0.44050925925925927 0.4078125 0.4326388888888889 0.40729166666666666 0.42060185185185184 0.40403645833333335 0.41805555555555557 0.40013020833333335 0.4217592592592593 0.39622395833333335 0.41712962962962963 0.39153645833333334 0.4166666666666667 0.38815104166666664 0.4203703703703704 0.38450520833333335 0.42083333333333334 0.381640625 0.4236111111111111 0.37916666666666665 0.42800925925925926 0.37838541666666664 0.43310185185185185 0.3815104166666667 0.4395833333333333 0.3841145833333333 0.4530092592592593 0.38841145833333335 0.4587962962962963
0 0.3690104166666667 0.38958333333333334 0.3731770833333333 0.3840277777777778 0.37473958333333335 0.3766203703703704 0.37734375 0.3715277777777778 0.3768229166666667 0.35856481481481484 0.3717447916666667 0.35555555555555557 0.36497395833333335 0.34444444444444444 0.36080729166666664 0.34444444444444444 0.35716145833333335 0.35462962962962963 0.35325520833333335 0.35462962962962963 0.3489583333333333 0.33773148148148147 0.345703125 0.33425925925925926 0.3436197916666667 0.3351851851851852 0.3419270833333333 0.3418981481481482 0.3424479166666667 0.3460648148148148 0.35520833333333335 0.37754629629629627 0.3600260416666667 0.38472222222222224
0 0.3924479166666667 0.3650462962962963 0.39348958333333334 0.3627314814814815 0.39348958333333334 0.3474537037037037 0.3966145833333333 0.32939814814814816 0.3963541666666667 0.32013888888888886 0.39231770833333335 0.31527777777777777 0.38841145833333335 0.3162037037037037 0.3860677083333333 0.30925925925925923 0.3829427083333333 0.30833333333333335 0.378515625 0.31574074074074077 0.37265625 0.3210648148148148 0.3723958333333333 0.3284722222222222 0.37395833333333334 0.33402777777777776 0.37395833333333334 0.3418981481481482 0.376953125 0.35 0.38190104166666666 0.3523148148148148 0.38841145833333335 0.36527777777777776
0 0.2864583333333333 0.5368055555555555 0.29049479166666664 0.5328703703703703 0.296484375 0.5324074074074074 0.29791666666666666 0.5298611111111111 0.29973958333333334 0.5020833333333333 0.29778645833333334 0.49675925925925923 0.2936197916666667 0.4949074074074074 0.28997395833333334 0.49907407407407406 0.283984375 0.4935185185185185 0.278515625 0.49444444444444446 0.27734375 0.49560185185185185 0.27513020833333335 0.5046296296296297 0.27044270833333334 0.5074074074074074 0.26471354166666666 0.49675925925925923 0.25885416666666666 0.4960648148148148 0.25807291666666665 0.5020833333333333 0.259765625 0.5092592592592593 0.264453125 0.513425925925926 0.2688802083333333 0.5194444444444445 0.27174479166666665 0.5263888888888889 0.27877604166666664 0.5342592592592592
0 0.2747395833333333 0.6039351851851852 0.27955729166666665 0.5972222222222222 0.2884114583333333 0.5953703703703703 0.28984375 0.593287037037037 0.29049479166666664 0.5888888888888889 0.2928385416666667 0.5930555555555556 0.3014322916666667 0.5907407407407408 0.3046875 0.5858796296296296 0.30416666666666664 0.5789351851851852 0.298046875 0.5773148148148148 0.29049479166666664 0.5819444444444445 0.28997395833333334 0.5787037037037037 0.2830729166666667 0.5743055555555555 0.28177083333333336 0.5645833333333333 0.278515625 0.5527777777777778 0.274609375 0.5527777777777778 0.27200520833333336 0.5560185185185185 0.268359375 0.5574074074074075 0.26640625 0.5599537037037037 0.26536458333333335 0.5645833333333333 0.26640625 0.5706018518518519 0.26614583333333336 0.5775462962962963 0.25690104166666666 0.5787037037037037 0.25494791666666666 0.5858796296296296 0.2565104166666667 0.5946759259259259 0.2584635416666667 0.5976851851851852 0.262890625 0.5981481481481481 0.27044270833333334 0.6037037037037037
0 0.2591145833333333 0.6650462962962963 0.26875 0.6525462962962963 0.27291666666666664 0.6423611111111112 0.27421875 0.6349537037037037 0.2671875 0.6303240740740741 0.2630208333333333 0.6104166666666667 0.258984375 0.6060185185185185 0.25611979166666665 0.6143518518518518 0.25221354166666665 0.6166666666666667 0.24869791666666666 0.6229166666666667 0.24765625 0.6280092592592592 0.24921875 0.6349537037037037 0.24752604166666667 0.6370370370370371 0.24283854166666666 0.6370370370370371 0.239453125 0.6393518518518518 0.23880208333333333 0.6488425925925926 0.24036458333333333 0.6553240740740741 0.241796875 0.6569444444444444 0.24674479166666666 0.6574074074074074 0.25091145833333334 0.6615740740740741
0 0.2908854166666667 0.6780092592592593 0.30221354166666664 0.6699074074074074 0.3040364583333333 0.6657407407407407 0.3065104166666667 0.6636574074074074 0.3072916666666667 0.6543981481481481 0.30625 0.6493055555555556 0.3059895833333333 0.6368055555555555 0.30494791666666665 0.631712962962963 0.30247395833333335 0.6282407407407408 0.29830729166666664 0.6291666666666667 0.294140625 0.6342592592592593 0.29205729166666666 0.6328703703703704 0.28997395833333334 0.6273148148148148 0.2852864583333333 0.6240740740740741 0.28033854166666666 0.6273148148148148 0.2760416666666667 0.6340277777777777 0.2752604166666667 0.6409722222222223 0.27057291666666666 0.6465277777777778 0.2703125 0.6534722222222222 0.27825520833333334 0.6722222222222223 0.28268229166666664 0.6726851851851852 0.28606770833333334 0.6768518518518518
0 0.2635416666666667 0.7331018518518518 0.27955729166666665 0.7300925925925926 0.28815104166666666 0.7203703703703703 0.29388020833333334 0.7106481481481481 0.30299479166666665 0.7050925925925926 0.3067708333333333 0.6988425925925926 0.30911458333333336 0.6891203703703703 0.305859375 0.6861111111111111 0.3014322916666667 0.6875 0.29440104166666664 0.6949074074074074 0.2858072916666667 0.6944444444444444 0.28424479166666666 0.6935185185185185 0.27643229166666666 0.6791666666666667 0.270703125 0.6773148148148148 0.26328125 0.6905092592592592 0.26510416666666664 0.7030092592592593 0.2640625 0.7085648148148148 0.260546875 0.711574074074074 0.2571614583333333 0.712037037037037 0.2552083333333333 0.7159722222222222 0.2552083333333333 0.7243055555555555 0.25625 0.7270833333333333 0.25950520833333335 0.7324074074074074
0 0.3221354166666667 0.7289351851851852 0.33033854166666665 0.7287037037037037 0.3358072916666667 0.7263888888888889 0.34127604166666664 0.7199074074074074 0.34322916666666664 0.7145833333333333 0.34739583333333335 0.7090277777777778 0.34765625 0.7025462962962963 0.3450520833333333 0.6914351851851852 0.34479166666666666 0.6840277777777778 0.34127604166666664 0.6736111111111112 0.33684895833333334 0.6736111111111112 0.333984375 0.6787037037037037 0.32955729166666664 0.6800925925925926 0.32565104166666664 0.6856481481481481 0.32369791666666664 0.6905092592592592 0.3234375 0.7043981481481482 0.31614583333333335 0.7118055555555556 0.31536458333333334 0.7196759259259259 0.31640625 0.7252314814814815 0.31783854166666664 0.7287037037037037
0 0.41744791666666664 0.8659722222222223 0.425390625 0.8625 0.42942708333333335 0.8506944444444444 0.4296875 0.84375 0.434375 0.8377314814814815 0.4348958333333333 0.8298611111111112 0.43776041666666665 0.8238425925925926 0.44114583333333335 0.8094907407407408 0.44114583333333335 0.8020833333333334 0.43919270833333335 0.7944444444444444 0.43528645833333335 0.7949074074074074 0.434375 0.7965277777777777 0.43203125 0.8020833333333334 0.43125 0.8122685185185186 0.429296875 0.8148148148148148 0.426953125 0.8143518518518519 0.42356770833333335 0.8074074074074075 0.42018229166666665 0.8055555555555556 0.41575520833333335 0.8074074074074075 0.41315104166666666 0.8037037037037037 0.41119791666666666 0.8043981481481481 0.41041666666666665 0.8099537037037037 0.4127604166666667 0.8168981481481481 0.41328125 0.830324074074074 0.4109375 0.8381944444444445 0.4109375 0.8506944444444444 0.4075520833333333 0.8650462962962963
0 0.36171875 0.7423611111111111 0.37669270833333335 0.7375 0.380078125 0.7337962962962963 0.3841145833333333 0.7252314814814815 0.38515625 0.7104166666666667 0.38333333333333336 0.7048611111111112 0.38255208333333335 0.6928240740740741 0.380078125 0.6856481481481481 0.376171875 0.6847222222222222 0.37200520833333334 0.6930555555555555 0.36888020833333335 0.6939814814814815 0.364453125 0.6986111111111111 0.3611979166666667 0.7043981481481482 0.3606770833333333 0.7104166666666667 0.357421875 0.7157407407407408 0.3522135416666667 0.712037037037037 0.34934895833333335 0.7134259259259259 0.34765625 0.7164351851851852 0.34765625 0.7252314814814815 0.357421875 0.7412037037037037